=== DigitVision AI - Classification Report ===
Generated at: 2026-06-29 10:47:04

              precision    recall  f1-score   support

           0     0.9828    0.9929    0.9878       980
           1     0.9868    0.9877    0.9872      1135
           2     0.9834    0.9758    0.9796      1032
           3     0.9745    0.9842    0.9793      1010
           4     0.9766    0.9756    0.9761       982
           5     0.9875    0.9731    0.9802       892
           6     0.9822    0.9781    0.9801       958
           7     0.9833    0.9767    0.9800      1028
           8     0.9667    0.9836    0.9751       974
           9     0.9751    0.9703    0.9727      1009

    accuracy                         0.9799     10000
   macro avg     0.9799    0.9798    0.9798     10000
weighted avg     0.9799    0.9799    0.9799     10000
